000 50 (512,1024,3)
001 50 (512,1024,3)
002 50 (512,1024,3)
003 50 (512,1024,3)
004 50 (512,1024,3)
005 50 (512,1024,3)
006 50 (512,1024,3)
007 50 (512,1024,3)
008 50 (512,1024,3)
009 50 (512,1024,3)
010 50 (512,1024,3)
011 50 (512,1024,3)
012 50 (512,1024,3)
013 50 (512,1024,3)
014 50 (512,1024,3)
015 50 (512,1024,3)
016 50 (512,1024,3)
017 50 (512,1024,3)
018 50 (512,1024,3)
019 50 (512,1024,3)
020 50 (512,1024,3)
021 50 (512,1024,3)
022 50 (512,1024,3)
023 50 (512,1024,3)
024 50 (512,1024,3)
025 50 (512,1024,3)
026 50 (512,1024,3)
027 50 (512,1024,3)
028 50 (512,1024,3)
029 50 (512,1024,3)
030 50 (512,1024,3)
031 50 (512,1024,3)
032 50 (512,1024,3)
033 50 (512,1024,3)
034 50 (512,1024,3)
035 50 (512,1024,3)
036 50 (512,1024,3)
037 50 (512,1024,3)
038 50 (512,1024,3)
039 50 (512,1024,3)
040 50 (512,1024,3)
041 50 (512,1024,3)
042 50 (512,1024,3)
043 50 (512,1024,3)
044 50 (512,1024,3)
045 50 (512,1024,3)
046 50 (512,1024,3)
047 50 (512,1024,3)
048 50 (512,1024,3)
049 50 (512,1024,3)
050 50 (512,1024,3)
051 50 (512,1024,3)
052 50 (512,1024,3)
053 50 (512,1024,3)
054 50 (512,1024,3)
055 50 (512,1024,3)
056 50 (512,1024,3)
057 50 (512,1024,3)
058 50 (512,1024,3)
059 50 (512,1024,3)
060 50 (512,1024,3)
061 50 (512,1024,3)
062 50 (512,1024,3)
063 50 (512,1024,3)
064 50 (512,1024,3)
065 50 (512,1024,3)
066 50 (512,1024,3)
067 50 (512,1024,3)
068 50 (512,1024,3)
069 50 (512,1024,3)
070 50 (512,1024,3)
071 50 (512,1024,3)
072 50 (512,1024,3)
073 50 (512,1024,3)
074 50 (512,1024,3)
075 50 (512,1024,3)
076 50 (512,1024,3)
077 50 (512,1024,3)
078 50 (512,1024,3)
079 50 (512,1024,3)
080 50 (512,1024,3)
081 50 (512,1024,3)
082 50 (512,1024,3)
083 50 (512,1024,3)
084 50 (512,1024,3)
085 50 (512,1024,3)
086 50 (512,1024,3)
087 50 (512,1024,3)
088 50 (512,1024,3)
089 50 (512,1024,3)
090 50 (512,1024,3)
091 50 (512,1024,3)
092 50 (512,1024,3)
093 50 (512,1024,3)
094 50 (512,1024,3)
095 50 (512,1024,3)
096 50 (512,1024,3)
097 50 (512,1024,3)
098 50 (512,1024,3)
099 50 (512,1024,3)
100 50 (512,1024,3)
101 50 (512,1024,3)
102 50 (512,1024,3)
103 50 (512,1024,3)
104 50 (512,1024,3)
105 50 (512,1024,3)
106 50 (512,1024,3)
107 50 (512,1024,3)
108 50 (512,1024,3)
109 50 (512,1024,3)
110 50 (512,1024,3)
111 50 (512,1024,3)
112 50 (512,1024,3)
113 50 (512,1024,3)
114 50 (512,1024,3)
115 50 (512,1024,3)
116 50 (512,1024,3)
117 50 (512,1024,3)
118 50 (512,1024,3)
119 50 (512,1024,3)
120 50 (512,1024,3)
121 50 (512,1024,3)
122 50 (512,1024,3)
123 50 (512,1024,3)
124 50 (512,1024,3)
125 50 (512,1024,3)
126 50 (512,1024,3)
127 50 (512,1024,3)
128 50 (512,1024,3)
129 50 (512,1024,3)
130 50 (512,1024,3)
131 50 (512,1024,3)
132 50 (512,1024,3)
133 50 (512,1024,3)
134 50 (512,1024,3)
135 50 (512,1024,3)
136 50 (512,1024,3)
137 50 (512,1024,3)
138 50 (512,1024,3)
139 50 (512,1024,3)
140 50 (512,1024,3)
141 50 (512,1024,3)
142 50 (512,1024,3)
143 50 (512,1024,3)
144 50 (512,1024,3)
145 50 (512,1024,3)
146 50 (512,1024,3)
147 50 (512,1024,3)
148 50 (512,1024,3)
149 50 (512,1024,3)
150 50 (512,1024,3)
151 50 (512,1024,3)
152 50 (512,1024,3)
153 50 (512,1024,3)
154 50 (512,1024,3)
155 50 (512,1024,3)
156 50 (512,1024,3)
157 50 (512,1024,3)
158 50 (512,1024,3)
159 50 (512,1024,3)
160 50 (512,1024,3)
161 50 (512,1024,3)
162 50 (512,1024,3)
163 50 (512,1024,3)
164 50 (512,1024,3)
165 50 (512,1024,3)
166 50 (512,1024,3)
167 50 (512,1024,3)
168 50 (512,1024,3)
169 50 (512,1024,3)
170 50 (512,1024,3)
171 50 (512,1024,3)
172 50 (512,1024,3)
173 50 (512,1024,3)
174 50 (512,1024,3)
175 50 (512,1024,3)
176 50 (512,1024,3)
177 50 (512,1024,3)
178 50 (512,1024,3)
179 50 (512,1024,3)
180 50 (512,1024,3)
181 50 (512,1024,3)
182 50 (512,1024,3)
183 50 (512,1024,3)
184 50 (512,1024,3)
185 50 (512,1024,3)
186 50 (512,1024,3)
187 50 (512,1024,3)
188 50 (512,1024,3)
189 50 (512,1024,3)
190 50 (512,1024,3)
191 50 (512,1024,3)
192 50 (512,1024,3)
193 50 (512,1024,3)
194 50 (512,1024,3)
195 50 (512,1024,3)
196 50 (512,1024,3)
197 50 (512,1024,3)
198 50 (512,1024,3)
199 50 (512,1024,3)
200 50 (512,1024,3)
201 50 (512,1024,3)
202 50 (512,1024,3)
203 50 (512,1024,3)
204 50 (512,1024,3)
205 50 (512,1024,3)
206 50 (512,1024,3)
207 50 (512,1024,3)
208 50 (512,1024,3)
209 50 (512,1024,3)
210 50 (512,1024,3)
211 50 (512,1024,3)
212 50 (512,1024,3)
213 50 (512,1024,3)
214 50 (512,1024,3)
215 50 (512,1024,3)
216 50 (512,1024,3)
217 50 (512,1024,3)
218 50 (512,1024,3)
219 50 (512,1024,3)
220 50 (512,1024,3)
221 50 (512,1024,3)
222 50 (512,1024,3)
223 50 (512,1024,3)
224 50 (512,1024,3)
225 50 (512,1024,3)
226 50 (512,1024,3)
227 50 (512,1024,3)
228 50 (512,1024,3)
229 50 (512,1024,3)
230 50 (512,1024,3)
231 50 (512,1024,3)
232 50 (512,1024,3)
233 50 (512,1024,3)
234 50 (512,1024,3)
235 50 (512,1024,3)
236 50 (512,1024,3)
237 50 (512,1024,3)
238 50 (512,1024,3)
239 50 (512,1024,3)
240 50 (512,1024,3)
241 50 (512,1024,3)
242 50 (512,1024,3)
243 50 (512,1024,3)
244 50 (512,1024,3)
245 50 (512,1024,3)
246 50 (512,1024,3)
247 50 (512,1024,3)
248 50 (512,1024,3)
249 50 (512,1024,3)
250 50 (512,1024,3)
251 50 (512,1024,3)
252 50 (512,1024,3)
253 50 (512,1024,3)
254 50 (512,1024,3)
255 50 (512,1024,3)
256 50 (512,1024,3)
257 50 (512,1024,3)
258 50 (512,1024,3)
259 50 (512,1024,3)
260 50 (512,1024,3)
261 50 (512,1024,3)
262 50 (512,1024,3)
263 50 (512,1024,3)
264 50 (512,1024,3)
265 50 (512,1024,3)
266 50 (512,1024,3)
267 50 (512,1024,3)
268 50 (512,1024,3)
269 50 (512,1024,3)
270 50 (512,1024,3)
271 50 (512,1024,3)
272 50 (512,1024,3)
273 50 (512,1024,3)
274 50 (512,1024,3)
275 50 (512,1024,3)
276 50 (512,1024,3)
277 50 (512,1024,3)
278 50 (512,1024,3)
279 50 (512,1024,3)
280 50 (512,1024,3)
281 50 (512,1024,3)
282 50 (512,1024,3)
283 50 (512,1024,3)
284 50 (512,1024,3)
285 50 (512,1024,3)
286 50 (512,1024,3)
287 50 (512,1024,3)
288 50 (512,1024,3)
289 50 (512,1024,3)
290 50 (512,1024,3)
291 50 (512,1024,3)
292 50 (512,1024,3)
293 50 (512,1024,3)
294 50 (512,1024,3)
295 50 (512,1024,3)
296 50 (512,1024,3)
297 50 (512,1024,3)
298 50 (512,1024,3)
299 50 (512,1024,3)
300 50 (512,1024,3)
301 50 (512,1024,3)
302 50 (512,1024,3)
303 50 (512,1024,3)
304 50 (512,1024,3)
305 50 (512,1024,3)
306 50 (512,1024,3)
307 50 (512,1024,3)
308 50 (512,1024,3)
309 50 (512,1024,3)
310 50 (512,1024,3)
311 50 (512,1024,3)
312 50 (512,1024,3)
313 50 (512,1024,3)
314 50 (512,1024,3)
315 50 (512,1024,3)
316 50 (512,1024,3)
317 50 (512,1024,3)
318 50 (512,1024,3)
319 50 (512,1024,3)
320 50 (512,1024,3)
321 50 (512,1024,3)
322 50 (512,1024,3)
323 50 (512,1024,3)
324 50 (512,1024,3)
325 50 (512,1024,3)
326 50 (512,1024,3)
327 50 (512,1024,3)
328 50 (512,1024,3)
329 50 (512,1024,3)
330 50 (512,1024,3)
331 50 (512,1024,3)
332 50 (512,1024,3)
333 50 (512,1024,3)
334 50 (512,1024,3)
335 50 (512,1024,3)
336 50 (512,1024,3)
337 50 (512,1024,3)
338 50 (512,1024,3)
339 50 (512,1024,3)
340 50 (512,1024,3)
341 50 (512,1024,3)
342 50 (512,1024,3)
343 50 (512,1024,3)
344 50 (512,1024,3)
345 50 (512,1024,3)
346 50 (512,1024,3)
347 50 (512,1024,3)
348 50 (512,1024,3)
349 50 (512,1024,3)
350 50 (512,1024,3)
351 50 (512,1024,3)
352 50 (512,1024,3)
353 50 (512,1024,3)
354 50 (512,1024,3)
355 50 (512,1024,3)
356 50 (512,1024,3)
357 50 (512,1024,3)
358 50 (512,1024,3)
359 50 (512,1024,3)
360 50 (512,1024,3)
361 50 (512,1024,3)
362 50 (512,1024,3)
363 50 (512,1024,3)
364 50 (512,1024,3)
365 50 (512,1024,3)
366 50 (512,1024,3)
367 50 (512,1024,3)
368 50 (512,1024,3)
369 50 (512,1024,3)
370 50 (512,1024,3)
371 50 (512,1024,3)
372 50 (512,1024,3)
373 50 (512,1024,3)
374 50 (512,1024,3)
375 50 (512,1024,3)
376 50 (512,1024,3)
377 50 (512,1024,3)
378 50 (512,1024,3)
379 50 (512,1024,3)
380 50 (512,1024,3)
381 50 (512,1024,3)
382 50 (512,1024,3)
383 50 (512,1024,3)
384 50 (512,1024,3)
385 50 (512,1024,3)
386 50 (512,1024,3)
387 50 (512,1024,3)
388 50 (512,1024,3)
389 50 (512,1024,3)
390 50 (512,1024,3)
391 50 (512,1024,3)
392 50 (512,1024,3)
393 50 (512,1024,3)
394 50 (512,1024,3)
395 50 (512,1024,3)
396 50 (512,1024,3)
397 50 (512,1024,3)
398 50 (512,1024,3)
399 50 (512,1024,3)
400 50 (512,1024,3)
401 50 (512,1024,3)
402 50 (512,1024,3)
403 50 (512,1024,3)
404 50 (512,1024,3)
405 50 (512,1024,3)
406 50 (512,1024,3)
407 50 (512,1024,3)
408 50 (512,1024,3)
409 50 (512,1024,3)
410 50 (512,1024,3)
411 50 (512,1024,3)
412 50 (512,1024,3)
413 50 (512,1024,3)
414 50 (512,1024,3)
415 50 (512,1024,3)
416 50 (512,1024,3)
417 50 (512,1024,3)
418 50 (512,1024,3)
419 50 (512,1024,3)
420 50 (512,1024,3)
421 50 (512,1024,3)
422 50 (512,1024,3)
423 50 (512,1024,3)
424 50 (512,1024,3)
425 50 (512,1024,3)
426 50 (512,1024,3)
427 50 (512,1024,3)
428 50 (512,1024,3)
429 50 (512,1024,3)
430 50 (512,1024,3)
431 50 (512,1024,3)
432 50 (512,1024,3)
433 50 (512,1024,3)
434 50 (512,1024,3)
435 50 (512,1024,3)
436 50 (512,1024,3)
437 50 (512,1024,3)
438 50 (512,1024,3)
439 50 (512,1024,3)
440 50 (512,1024,3)
441 50 (512,1024,3)
442 50 (512,1024,3)
443 50 (512,1024,3)
444 50 (512,1024,3)
445 50 (512,1024,3)
446 50 (512,1024,3)
447 50 (512,1024,3)
448 50 (512,1024,3)
449 50 (512,1024,3)
450 50 (512,1024,3)
451 50 (512,1024,3)
452 50 (512,1024,3)
453 50 (512,1024,3)
454 50 (512,1024,3)
455 50 (512,1024,3)
456 50 (512,1024,3)
457 50 (512,1024,3)
458 50 (512,1024,3)
459 50 (512,1024,3)
460 50 (512,1024,3)
461 50 (512,1024,3)
462 50 (512,1024,3)
463 50 (512,1024,3)
464 50 (512,1024,3)
465 50 (512,1024,3)
466 50 (512,1024,3)
467 50 (512,1024,3)
468 50 (512,1024,3)
469 50 (512,1024,3)
470 50 (512,1024,3)
471 50 (512,1024,3)
472 50 (512,1024,3)
473 50 (512,1024,3)
474 50 (512,1024,3)
475 50 (512,1024,3)
476 50 (512,1024,3)
477 50 (512,1024,3)
478 50 (512,1024,3)
479 50 (512,1024,3)
480 50 (512,1024,3)
481 50 (512,1024,3)
482 50 (512,1024,3)
483 50 (512,1024,3)
484 50 (512,1024,3)
485 50 (512,1024,3)
486 50 (512,1024,3)
487 50 (512,1024,3)
488 50 (512,1024,3)
489 50 (512,1024,3)
490 50 (512,1024,3)
491 50 (512,1024,3)
492 50 (512,1024,3)
493 50 (512,1024,3)
494 50 (512,1024,3)
495 50 (512,1024,3)
496 50 (512,1024,3)
497 50 (512,1024,3)
498 50 (512,1024,3)
499 50 (512,1024,3)
